Chromosome	81616	129181	1	1	0	1	0	14
Chromosome	102382	113133	2	2	0	1	0	13
Chromosome	108490	227353	1	1	0	0	5	12
Chromosome	110421	111981	1	1	0	0	1	15
Chromosome	112092	112144	2	2	0	0	1	15
Chromosome	112503	126590	2	2	0	0	1	14
Chromosome	131954	132603	1	3	0	1	0	25
Chromosome	133173	154055	1	1	0	1	0	12
Chromosome	145153	152677	1	1	0	0	1	13
Chromosome	162199	167211	2	2	0	1	0	23
Chromosome	191659	200437	1	1	0	0	1	17
Chromosome	193529	193708	2	2	0	1	0	29
Chromosome	193790	231725	2	2	0	1	0	19
Chromosome	195945	211427	2	2	0	0	1	13
Chromosome	201201	229258	1	1	0	0	1	12
Chromosome	202517	230011	2	2	0	1	0	12
Chromosome	205084	234833	1	3	0	1	0	13
Chromosome	207925	4986049	2	2	0	22	2	13
Chromosome	216803	231003	2	2	0	0	1	12
Chromosome	217861	231009	2	2	0	0	7	12
Chromosome	218663	258566	1	1	0	0	2	12
Chromosome	220001	230075	2	2	0	0	3	12
Chromosome	227286	228041	1	1	0	0	1	15
Chromosome	227521	228032	2	4	0	0	1	38
Chromosome	227535	1242476	1	1	0	148	6	13
Chromosome	227733	1769073	2	4	0	0	4	12
Chromosome	227935	1804190	1	1	0	0	20	15
Chromosome	227935	3251931	1	1	0	0	11	15
Chromosome	229259	229363	1	1	0	0	1	28
Chromosome	229830	1328877	2	2	0	0	4	13
Chromosome	229830	5282172	2	2	0	0	10	18
Chromosome	229835	266556	1	1	0	1	0	13
Chromosome	229855	3603155	2	2	0	1	3	14
Chromosome	229862	1989568	2	2	0	7	0	12
Chromosome	230230	1160702	2	2	0	963	185	13
Chromosome	230952	2516747	1	1	0	17	6	14
Chromosome	231064	450700	1	1	0	0	6	12
Chromosome	231064	3067317	1	1	0	0	4	15
Chromosome	231173	461540	2	2	0	0	4	12
Chromosome	231173	554940	2	2	0	17	29	13
Chromosome	231717	1169575	2	2	0	0	5	17
Chromosome	231717	1769875	2	2	0	0	7	18
Chromosome	287349	321239	2	2	0	0	1	14
Chromosome	302705	1092492	2	2	0	2	2	14
Chromosome	308267	309321	1	1	0	0	1	14
Chromosome	357605	3447833	2	2	0	0	25	12
Chromosome	357605	4160235	2	2	0	0	25	12
Chromosome	411108	411201	1	1	0	2	0	48
Chromosome	411108	411295	1	1	0	1	0	48
Chromosome	411202	411389	1	1	0	0	1	30
Chromosome	411202	411576	1	1	0	0	2	41
Chromosome	411202	411670	1	1	0	0	1	30
Chromosome	411484	411576	1	1	0	0	2	41
Chromosome	411484	411670	1	1	0	0	1	30
Chromosome	473485	491422	2	2	0	0	1	14
Chromosome	480120	513914	2	2	0	1	0	12
Chromosome	490049	517179	1	1	0	1	0	14
Chromosome	496891	517161	1	1	0	0	1	15
Chromosome	499066	499099	2	4	0	1	0	43
Chromosome	504494	549410	2	2	0	1	0	15
Chromosome	513786	513830	1	1	0	1	0	44
Chromosome	524200	533351	2	2	0	0	1	12
Chromosome	715590	3447431	1	1	0	0	4	12
Chromosome	734746	734934	2	4	0	1	0	39
Chromosome	747015	747226	2	4	0	1	0	43
Chromosome	749857	749913	0	0	0	3	3	47
Chromosome	776616	776727	2	2	0	1	0	37
Chromosome	776668	776780	2	2	0	1	0	12
Chromosome	776879	777157	2	2	0	1	0	26
Chromosome	776931	777039	2	2	0	23	0	30
Chromosome	776931	777244	2	2	0	1	0	40
Chromosome	777002	777054	1	3	0	1	0	48
Chromosome	806483	4738211	2	2	0	0	33	12
Chromosome	806483	4834707	2	2	0	0	33	12
Chromosome	806483	4978888	2	2	0	0	33	12
Chromosome	806483	5019914	2	2	0	0	32	12
Chromosome	861935	861985	1	3	0	1	0	47
Chromosome	863889	863915	2	2	0	1	0	38
Chromosome	865011	865200	2	2	0	9	3	46
Chromosome	865011	865406	2	2	0	0	3	21
Chromosome	865011	865628	2	2	0	0	2	17
Chromosome	865032	865220	1	1	0	4	0	43
Chromosome	865032	865513	1	1	0	0	1	49
Chromosome	865056	865245	2	2	0	0	2	48
Chromosome	865064	865272	1	1	0	2	0	24
Chromosome	865068	865272	1	1	0	3	90	40
Chromosome	865083	865286	1	1	0	0	1	29
Chromosome	865083	865291	1	1	0	1	0	23
Chromosome	865105	865310	1	3	0	0	1	47
Chromosome	865118	865322	2	2	0	10	5	45
Chromosome	865137	865190	1	3	0	1	0	31
Chromosome	865183	865389	1	1	0	0	1	38
Chromosome	865183	865611	1	1	0	0	1	38
Chromosome	865200	865406	2	2	0	0	5	40
Chromosome	865200	865628	2	2	0	0	4	40
Chromosome	865221	865513	1	1	0	0	1	49
Chromosome	865254	865334	1	1	0	1	0	35
Chromosome	865406	865628	2	2	0	3	0	35
Chromosome	865427	865513	1	1	0	0	1	49
Chromosome	874734	874773	2	2	0	1	0	29
Chromosome	898559	2144490	2	2	0	10	7	15
Chromosome	908353	1656014	1	1	0	0	5	12
Chromosome	916528	3879940	1	1	0	13	2	12
Chromosome	960418	972161	2	2	0	0	1	16
Chromosome	1028872	2060986	1	1	0	0	5	12
Chromosome	1054554	1065796	1	1	0	0	1	13
Chromosome	1066576	1066614	1	1	0	0	1	29
Chromosome	1092242	1092496	2	2	0	0	2	14
Chromosome	1092263	1131968	1	1	0	0	1	12
Chromosome	1092836	1109961	1	1	0	0	1	15
Chromosome	1092836	5253930	1	1	0	3	1	13
Chromosome	1122826	1137072	2	2	0	0	1	12
Chromosome	1174773	1551395	2	2	0	0	4	34
Chromosome	1188997	1382816	0	0	0	0	3	47
Chromosome	1189036	1382855	0	0	0	0	3	42
Chromosome	1256935	1257321	1	1	0	0	1	12
Chromosome	1266659	1352162	2	2	0	0	2	12
Chromosome	1349502	1506515	2	2	0	0	4	13
Chromosome	1351748	1621776	1	1	0	0	5	15
Chromosome	1383497	1427677	2	2	0	0	1	12
Chromosome	1385767	3897062	2	2	0	3	1	14
Chromosome	1385780	2232253	2	2	0	3	3	12
Chromosome	1397446	1397466	0	0	0	39	0	49
Chromosome	1407804	1431185	2	2	0	0	1	13
Chromosome	1429744	1450072	1	1	0	0	1	12
Chromosome	1466699	1475062	1	1	0	1	0	14
Chromosome	1492633	1506532	2	4	0	1	0	13
Chromosome	1500626	1510849	1	1	0	0	1	18
Chromosome	1508885	1528328	1	1	0	1	0	12
Chromosome	1555125	1555152	2	4	0	0	1	41
Chromosome	1616542	1617213	1	1	0	0	1	12
Chromosome	1658549	1808088	0	0	0	0	3	47
Chromosome	1658588	1808127	0	0	0	0	3	42
Chromosome	1685113	1685177	1	1	0	2	0	19
Chromosome	1704053	1707102	2	2	0	0	1	15
Chromosome	1707045	1767341	1	1	0	0	2	12
Chromosome	1710738	1719346	2	2	0	0	1	14
Chromosome	1712251	1716479	2	2	0	1	0	17
Chromosome	1732162	1732339	2	2	0	0	1	48
Chromosome	1732262	1732389	0	0	0	4	0	35
Chromosome	1732351	1732636	2	2	0	1	1	12
Chromosome	1732487	1732690	2	2	0	1	0	28
Chromosome	1732572	1732743	2	2	0	7	0	42
Chromosome	1732580	1732759	2	2	0	1	0	32
Chromosome	1732709	1732764	1	1	0	1	0	26
Chromosome	1743964	1764010	1	1	0	0	1	16
Chromosome	1754804	1754838	0	0	0	5	0	35
Chromosome	1769357	1769384	1	3	0	1	0	36
Chromosome	1807218	1831389	2	2	0	0	1	17
Chromosome	1838638	4190210	2	4	0	37	6	13
Chromosome	1838874	1869669	1	1	0	0	1	12
Chromosome	1884459	1895189	2	2	0	1	0	12
Chromosome	1896225	1896261	2	4	0	5	0	50
Chromosome	1896231	1896267	1	1	0	1	0	42
Chromosome	1993200	2029742	2	2	0	0	1	13
Chromosome	2118142	2136782	1	1	0	0	1	13
Chromosome	2161341	2212062	2	2	0	0	2	45
Chromosome	2189169	2240067	2	2	0	0	2	46
Chromosome	2194251	2243706	1	1	0	0	1	15
Chromosome	2203310	2248848	2	2	0	0	1	13
Chromosome	2204369	2205681	2	2	0	0	5	49
Chromosome	2205682	3063363	2	2	0	0	7	12
Chromosome	2205692	2217497	2	2	0	0	2	14
Chromosome	2230545	2271267	1	5	0	1	0	16
Chromosome	2239631	2239658	1	3	0	0	1	41
Chromosome	2257578	2271312	2	2	0	1	0	12
Chromosome	2277064	2277106	2	4	0	1	0	18
Chromosome	2286959	3670018	2	2	0	0	7	16
Chromosome	2286959	3670128	2	2	0	0	7	16
Chromosome	2291595	2614454	1	1	0	1	40	12
Chromosome	2308436	2308531	1	1	0	4	0	47
Chromosome	2308436	2308819	1	1	0	0	1	26
Chromosome	2308508	2308603	1	3	0	0	3	49
Chromosome	2308724	2308819	1	1	0	1	1	36
Chromosome	2308820	2308915	1	1	0	2	0	39
Chromosome	2308835	2308876	1	3	0	1	0	17
Chromosome	2314572	2355890	2	2	0	1	0	12
Chromosome	2346314	2346394	2	2	0	0	1	35
Chromosome	2393954	2399725	2	2	0	0	2	13
Chromosome	2396682	2400067	2	2	0	0	1	14
Chromosome	2399906	2399937	0	0	0	16	0	48
Chromosome	2400407	2402221	2	2	0	1	0	43
Chromosome	2455630	3900826	2	2	0	9	0	14
Chromosome	2472812	3449871	1	1	0	1	10	15
Chromosome	2472812	4162365	1	1	0	0	8	15
Chromosome	2478017	2515508	2	2	0	1	0	14
Chromosome	2478822	3448742	1	1	0	0	4	15
Chromosome	2481504	2522204	2	2	0	1	0	13
Chromosome	2531112	2574996	1	1	0	0	1	14
Chromosome	2546271	2546369	1	3	0	2	2	46
Chromosome	2602612	4190277	1	1	0	6	9	14
Chromosome	2614499	2623866	1	1	0	0	1	16
Chromosome	2694359	2742702	1	1	0	0	1	13
Chromosome	2694806	2742967	1	3	0	0	1	36
Chromosome	2695045	2743239	2	6	0	0	1	20
Chromosome	2776281	2797608	1	1	0	1	0	25
Chromosome	2776941	2798325	1	3	0	1	0	50
Chromosome	2776985	2798342	1	1	0	9	2	45
Chromosome	2796703	2806466	2	2	0	0	1	12
Chromosome	2812108	3450176	1	1	0	0	11	12
Chromosome	2911872	3447431	1	1	0	23	87	13
Chromosome	2924624	3449702	1	1	0	7	5	15
Chromosome	2925399	2926024	2	2	0	1	0	40
Chromosome	2925422	2926045	2	2	0	1550	45	50
Chromosome	3043969	3044358	2	2	0	0	1	14
Chromosome	3050025	3050138	2	4	0	1	0	26
Chromosome	3073108	3073187	2	4	0	1	0	44
Chromosome	3106735	3130808	2	2	0	1	0	19
Chromosome	3108005	3116513	2	2	0	1	0	15
Chromosome	3157264	3157354	2	2	0	0	1	47
Chromosome	3157264	3157445	2	2	0	0	1	47
Chromosome	3189333	3446887	1	1	0	1	6	17
Chromosome	3189333	4159289	1	1	0	0	5	17
Chromosome	3238780	3238850	1	3	0	1	0	41
Chromosome	3248215	3248277	1	1	0	1	0	42
Chromosome	3249672	3249913	2	2	0	0	1	50
Chromosome	3249742	3249863	2	2	0	1	0	40
Chromosome	3353431	3354513	2	2	0	0	1	14
Chromosome	3353985	3392336	1	1	0	0	1	18
Chromosome	3360522	3391823	1	1	0	1	0	15
Chromosome	3363682	3447540	2	2	0	2	1	13
Chromosome	3367307	3447336	1	1	0	3	26	13
Chromosome	3367307	4159738	1	1	0	0	22	13
Chromosome	3384739	3449702	1	1	0	13	77	15
Chromosome	3388142	3447431	1	1	0	0	67	12
Chromosome	3425890	3465706	2	2	0	0	1	13
Chromosome	3438201	3448742	1	1	0	0	1	14
Chromosome	3438855	3485456	1	1	0	1	0	12
Chromosome	3442240	3450422	2	2	0	2	0	16
Chromosome	3446489	4158645	1	1	0	0	8	28
Chromosome	3446879	3464473	1	1	0	1	0	33
Chromosome	3446912	4159314	2	2	0	1	11	45
Chromosome	3447205	3475942	1	1	0	1	0	14
Chromosome	3447578	3447637	0	0	0	0	4	49
Chromosome	3447741	5211789	1	1	0	0	19	12
Chromosome	3447884	3659603	2	2	0	0	6	14
Chromosome	3447884	4144579	2	2	0	0	6	14
Chromosome	3448538	3488067	2	2	0	1	0	20
Chromosome	3448852	3700148	2	2	0	5	15	14
Chromosome	3450011	3451355	2	6	0	0	2	35
Chromosome	3450254	3450286	2	2	0	0	1	47
Chromosome	3450549	4798196	2	2	0	0	469	16
Chromosome	3450910	4143387	2	2	0	0	8	12
Chromosome	3451414	4119560	1	1	0	0	9	16
Chromosome	3476172	3477379	2	2	0	0	1	12
Chromosome	3501784	4162914	1	1	0	4	0	21
Chromosome	3542093	3542410	2	2	0	0	7	32
Chromosome	3542121	3542300	2	2	0	1	0	50
Chromosome	3542121	3542580	2	2	0	0	1	26
Chromosome	3542165	3542343	2	2	0	1	0	29
Chromosome	3542272	3542410	2	2	0	0	7	32
Chromosome	3542300	3542580	2	2	0	0	1	26
Chromosome	3542436	3542577	1	1	0	0	1	22
Chromosome	3542439	3542580	2	2	0	0	1	26
Chromosome	3544149	4182583	2	2	0	1	3	38
Chromosome	3583790	3604978	1	1	0	0	1	12
Chromosome	3583790	3625032	1	1	0	0	1	15
Chromosome	3590159	4161396	2	2	0	18	18	13
Chromosome	3602116	3631043	2	2	0	1	0	19
Chromosome	3604991	3625044	1	1	0	0	1	12
Chromosome	3636625	3677245	1	1	0	0	1	15
Chromosome	3644660	4160054	2	2	0	2	26	16
Chromosome	3646702	3646732	1	1	0	1	0	47
Chromosome	3660852	4069861	2	2	0	0	4	12
Chromosome	3669930	3669988	2	2	0	3	0	16
Chromosome	3670007	3670116	1	1	0	4	99	47
Chromosome	3670015	3670125	1	1	0	1	0	27
Chromosome	3670048	3670070	0	0	0	14	8	35
Chromosome	3670130	3670156	1	1	0	1	0	38
Chromosome	3774483	3774483	0	0	1	0	2	3
Chromosome	3806288	4163689	1	1	0	5	0	13
Chromosome	3815495	4060838	1	3	0	6	9	12
Chromosome	3820670	4163267	1	1	0	55	5	13
Chromosome	3857490	4248780	1	1	0	0	4	13
Chromosome	3879953	4710009	1	1	0	13	2	12
Chromosome	3880915	3886266	2	2	0	0	1	16
Chromosome	3906179	4009771	2	2	0	0	3	14
Chromosome	3926305	4176043	1	3	0	0	4	12
Chromosome	3934418	3934792	1	1	0	1	0	50
Chromosome	3934534	3934909	1	1	0	0	1	22
Chromosome	3953427	3964271	1	1	0	0	1	15
Chromosome	3953683	3953943	2	6	0	1	0	49
Chromosome	4009795	4009831	2	2	0	1	0	45
Chromosome	4039278	4048862	1	1	0	0	1	12
Chromosome	4048655	4048732	2	2	0	1	0	15
Chromosome	4049066	4049089	2	2	0	1	0	35
Chromosome	4049080	4049103	0	0	0	3	0	45
Chromosome	4049240	4060166	2	2	0	1	0	49
Chromosome	4049938	4050047	1	1	0	1	0	25
Chromosome	4056484	4190853	2	2	0	5	1	13
Chromosome	4058313	4058337	1	3	0	1	0	43
Chromosome	4060697	4060726	0	0	0	15	1	50
Chromosome	4065849	4933957	1	1	0	4	2	12
Chromosome	4066324	4075801	2	2	0	0	1	12
Chromosome	4068775	4084237	2	2	0	0	1	32
Chromosome	4068943	4073217	2	4	0	1	0	44
Chromosome	4080840	4113930	1	1	0	0	2	13
Chromosome	4088569	4127770	1	1	0	0	1	13
Chromosome	4113160	4127051	2	2	0	1	0	20
Chromosome	4113380	4180305	1	1	0	0	2	17
Chromosome	4113804	4185713	0	0	0	3	0	49
Chromosome	4134154	4148484	2	2	0	0	1	14
Chromosome	4136128	4190348	1	1	0	1	1	14
Chromosome	4142544	4183459	1	1	0	1	0	13
Chromosome	4145401	4192410	2	4	0	1	0	48
Chromosome	4146163	4187440	2	2	0	0	1	12
Chromosome	4151810	4181441	2	2	0	1	0	13
Chromosome	4157438	4159268	1	1	0	0	1	12
Chromosome	4157489	4178750	2	2	0	0	1	14
Chromosome	4159400	4203189	1	1	0	1	0	12
Chromosome	4159635	4191854	2	4	0	0	1	12
Chromosome	4159885	4739369	2	2	0	0	6	29
Chromosome	4159885	4835865	2	2	0	0	6	29
Chromosome	4159885	4980046	2	2	0	0	6	29
Chromosome	4159885	5021072	2	2	0	0	6	29
Chromosome	4159980	4160039	0	0	0	0	4	49
Chromosome	4160143	5211789	1	1	0	0	19	12
Chromosome	4160298	4192014	2	2	0	1	0	22
Chromosome	4160401	4192464	2	2	0	0	1	13
Chromosome	4160407	4177762	2	4	0	1	0	28
Chromosome	4160482	4177116	2	2	0	0	1	13
Chromosome	4160861	4174098	2	2	0	0	1	12
Chromosome	4161132	4176565	2	4	0	1	0	24
Chromosome	4161260	4197540	2	2	0	0	1	15
Chromosome	4161407	4691464	1	1	0	1	4	13
Chromosome	4161423	4179334	2	2	0	1	0	27
Chromosome	4161423	4483765	2	2	0	0	4	13
Chromosome	4161615	4176529	2	2	0	1	0	36
Chromosome	4161784	4180374	2	2	0	1	0	26
Chromosome	4162505	4163849	2	6	0	0	2	35
Chromosome	4162543	4167752	2	2	0	0	3	12
Chromosome	4162748	4162780	2	2	0	0	1	47
Chromosome	4162965	4163720	2	2	0	0	1	15
Chromosome	4162974	4163485	1	3	0	0	1	38
Chromosome	4163043	4798196	2	2	0	2	474	16
Chromosome	4163058	4174843	2	2	0	0	1	12
Chromosome	4163222	4735999	2	2	0	0	10	48
Chromosome	4163222	4832403	2	2	0	0	10	48
Chromosome	4163222	4976676	2	2	0	0	10	48
Chromosome	4163222	5017702	2	2	0	0	10	48
Chromosome	4163554	4183112	2	4	0	0	1	12
Chromosome	4163893	4175524	2	4	0	1	0	30
Chromosome	4165135	4175129	2	2	0	0	1	14
Chromosome	4168374	4183715	2	2	0	1	0	19
Chromosome	4174827	4174865	2	2	0	1	0	13
Chromosome	4175086	4190387	2	4	0	0	1	12
Chromosome	4175452	4187879	1	3	0	1	0	24
Chromosome	4175525	4177932	2	4	0	1	0	29
Chromosome	4175546	4295156	1	1	0	0	3	12
Chromosome	4175823	4183915	1	1	0	1	0	26
Chromosome	4175884	4185744	2	2	0	0	1	13
Chromosome	4176278	4187708	2	2	0	1	0	21
Chromosome	4176310	4177512	1	1	0	1	3	27
Chromosome	4176366	4187529	2	2	0	1	0	40
Chromosome	4176549	4192754	1	1	0	1	0	39
Chromosome	4176635	4176676	2	2	0	3	0	45
Chromosome	4177208	4188880	1	1	0	0	8	13
Chromosome	4177230	4180481	2	4	0	1	0	47
Chromosome	4177261	4181298	2	4	0	1	0	12
Chromosome	4177375	4180831	1	3	0	1	0	34
Chromosome	4177413	4192800	2	2	0	0	1	13
Chromosome	4177480	4181535	2	2	0	0	1	12
Chromosome	4177488	4178903	2	2	0	0	1	13
Chromosome	4177621	4177682	2	2	0	1	0	40
Chromosome	4177868	4181219	2	2	0	0	2	13
Chromosome	4177898	4188383	1	3	0	1	0	36
Chromosome	4178178	4193941	1	1	0	1	0	12
Chromosome	4178455	4194988	2	2	0	0	2	12
Chromosome	4178478	4181822	2	2	0	1	0	26
Chromosome	4178707	4187800	2	2	0	1	0	39
Chromosome	4178799	4182997	2	2	0	1	0	18
Chromosome	4178888	4187538	2	2	0	1	0	13
Chromosome	4179391	4186488	2	2	0	1	0	34
Chromosome	4179421	4179637	2	4	0	1	0	32
Chromosome	4179795	4196675	1	1	0	1	0	26
Chromosome	4180066	4191924	2	2	0	1	0	30
Chromosome	4180131	4182473	1	1	0	1	0	27
Chromosome	4180521	4184062	2	2	0	0	2	12
Chromosome	4181673	4185053	2	2	0	0	13	12
Chromosome	4181776	4225236	2	2	0	1	0	13
Chromosome	4182083	4183680	2	2	0	1	0	37
Chromosome	4182193	4182235	2	2	0	1	0	40
Chromosome	4182671	4182808	2	2	0	1	0	25
Chromosome	4182697	4190537	2	2	0	1	0	32
Chromosome	4182809	4183680	2	2	0	1	0	44
Chromosome	4182856	4187723	2	2	0	1	0	16
Chromosome	4182926	4184281	2	2	0	0	1	15
Chromosome	4183113	4186797	2	2	0	1	0	27
Chromosome	4183137	4184756	2	2	0	1	0	28
Chromosome	4183170	4227617	2	4	0	1	0	12
Chromosome	4183565	4192746	1	1	0	1	0	12
Chromosome	4183849	4201727	2	4	0	0	1	12
Chromosome	4183956	4193926	2	2	0	0	2	12
Chromosome	4183964	4190225	2	4	0	1	0	40
Chromosome	4184051	4184756	2	2	0	1	0	42
Chromosome	4184051	4187717	2	2	0	1	0	34
Chromosome	4184057	4376814	2	2	0	0	3	14
Chromosome	4184267	4184332	2	4	0	1	0	16
Chromosome	4184303	4184614	1	1	0	1	0	18
Chromosome	4184375	4194462	1	1	0	0	2	12
Chromosome	4184411	4187594	2	4	0	1	0	31
Chromosome	4184467	4190840	1	1	0	1	0	13
Chromosome	4184655	4191162	2	2	0	0	5	13
Chromosome	4184668	4188305	2	2	0	1	0	48
Chromosome	4184745	4253732	1	1	0	9	0	12
Chromosome	4185254	4186177	1	1	0	1	0	34
Chromosome	4185281	4187708	2	2	0	1	0	46
Chromosome	4185308	4192885	1	1	0	1	0	49
Chromosome	4185418	4185625	1	1	0	1	0	21
Chromosome	4185586	4192818	1	1	0	1	0	14
Chromosome	4185788	4194367	1	1	0	0	2	13
Chromosome	4185815	4190599	1	1	0	1	0	43
Chromosome	4186126	4194375	2	2	0	0	1	14
Chromosome	4186154	4187535	2	2	0	1	0	46
Chromosome	4186178	4186566	1	3	0	0	1	12
Chromosome	4186615	4204958	1	1	0	1	0	14
Chromosome	4186662	4269201	2	2	0	0	2	12
Chromosome	4186692	4193721	2	2	0	0	1	12
Chromosome	4186932	4187505	1	1	0	0	1	12
Chromosome	4187154	4235904	1	1	0	1	0	17
Chromosome	4187443	4190324	2	4	0	1	0	31
Chromosome	4187676	4192527	2	2	0	1	0	19
Chromosome	4187844	4192020	2	2	0	1	0	18
Chromosome	4187959	4192742	2	2	0	1	0	20
Chromosome	4188086	4199426	2	2	0	0	1	12
Chromosome	4188186	4188252	1	1	0	1	0	15
Chromosome	4190491	4190597	2	2	0	0	1	16
Chromosome	4191031	4193742	1	3	0	0	1	12
Chromosome	4191070	4193989	2	2	0	1	0	25
Chromosome	4191143	4985259	1	1	0	4	0	46
Chromosome	4191192	4985308	2	2	0	5	0	40
Chromosome	4193698	4226484	2	2	0	0	1	12
Chromosome	4193722	4193857	2	2	0	1	0	26
Chromosome	4194197	4203976	2	2	0	0	1	12
Chromosome	4197985	4198035	2	2	0	0	1	13
Chromosome	4245572	4245623	1	3	0	1	0	35
Chromosome	4325351	4325386	2	2	0	1	0	28
Chromosome	4328516	4995377	1	1	0	7	23	12
Chromosome	4333363	4333384	2	2	0	1	0	46
Chromosome	4459120	4467614	1	1	0	0	1	12
Chromosome	4467667	4467718	1	3	0	1	0	41
Chromosome	4467788	4470212	2	2	0	0	1	18
Chromosome	4467797	4467928	1	3	0	1	0	14
Chromosome	4467923	4491198	2	2	0	0	1	12
Chromosome	4467967	4490841	2	2	0	0	1	12
Chromosome	4470887	4470951	1	3	0	0	1	29
Chromosome	4494672	4736126	2	2	0	0	28	18
Chromosome	4494672	4832530	2	2	0	0	18	18
Chromosome	4494672	4976803	2	2	0	0	18	18
Chromosome	4494672	5017829	2	2	0	0	18	18
Chromosome	4539584	4557635	2	2	0	0	1	19
Chromosome	4544363	4565909	2	2	0	1	0	26
Chromosome	4665245	4739499	2	2	0	0	2	13
Chromosome	4665427	4713975	1	1	0	1	0	15
Chromosome	4668493	4736737	1	1	0	0	18	12
Chromosome	4670933	4715403	2	2	0	0	10	12
Chromosome	4671942	4671988	1	1	0	1	0	43
Chromosome	4677833	4712333	2	2	0	0	1	15
Chromosome	4707494	4736064	1	1	0	0	1	18
Chromosome	4714146	4714238	2	2	0	1	0	21
Chromosome	4715066	4737778	1	1	0	0	1	38
Chromosome	4716836	4739614	1	3	0	0	1	13
Chromosome	4719854	4719907	1	1	0	1	0	20
Chromosome	4735372	4831776	2	2	0	0	4	47
Chromosome	4735372	4976049	2	2	0	0	4	47
Chromosome	4735372	5017075	2	2	0	0	4	47
Chromosome	4735532	4831834	2	2	0	0	2	29
Chromosome	4735560	4736315	1	1	0	0	2	42
Chromosome	4735795	4831986	2	2	0	0	3	39
Chromosome	4735809	4832213	1	1	0	0	3	27
Chromosome	4735838	4832242	1	1	0	0	2	44
Chromosome	4736037	4832174	1	1	0	0	3	48
Chromosome	4736084	4832403	2	2	0	0	15	23
Chromosome	4736084	4976676	2	2	0	0	15	23
Chromosome	4736084	5017702	2	2	0	0	15	23
Chromosome	4736137	4832462	1	1	0	0	4	32
Chromosome	4736137	4976735	1	1	0	0	4	32
Chromosome	4736137	5017761	1	1	0	0	4	32
Chromosome	4736202	4785731	2	2	0	0	1	17
Chromosome	4736209	4832493	1	1	0	0	10	41
Chromosome	4736209	4832510	1	1	0	0	3	34
Chromosome	4736209	4976766	1	1	0	0	10	41
Chromosome	4736209	5017792	1	1	0	0	10	41
Chromosome	4736250	4832600	2	6	0	0	2	26
Chromosome	4736286	4832690	2	2	0	0	3	47
Chromosome	4736548	4832952	2	2	0	0	3	48
Chromosome	4736799	4833203	1	1	0	0	7	48
Chromosome	4736799	4977476	1	1	0	0	7	48
Chromosome	4736799	5018502	1	1	0	0	7	48
Chromosome	4736845	4833249	2	2	0	0	5	47
Chromosome	4736845	4977522	2	2	0	0	5	47
Chromosome	4736845	5018548	2	2	0	0	5	47
Chromosome	4737087	5180101	1	1	0	0	10	14
Chromosome	4737441	4737545	1	1	0	0	1	28
Chromosome	4737561	4833945	1	1	0	0	2	22
Chromosome	4737746	4834080	1	3	0	0	2	34
Chromosome	4737782	4834223	2	2	0	0	14	34
Chromosome	4737782	4834252	2	2	0	0	20	14
Chromosome	4737782	4978404	2	2	0	0	14	34
Chromosome	4737782	4978433	2	2	0	0	20	14
Chromosome	4737782	5019430	2	2	0	0	14	34
Chromosome	4737782	5019459	2	2	0	0	20	14
Chromosome	4738014	5282172	2	2	0	0	109	18
Chromosome	4738186	4834682	2	2	0	0	4	50
Chromosome	4738186	4978863	2	2	0	0	4	50
Chromosome	4738186	5019889	2	2	0	0	4	50
Chromosome	4738285	4834781	1	1	0	0	3	46
Chromosome	4738378	4834874	2	2	0	0	4	48
Chromosome	4738378	4979055	2	2	0	0	4	48
Chromosome	4738378	5020081	2	2	0	0	4	48
Chromosome	4738414	4834800	2	2	0	0	2	16
Chromosome	4738916	4835279	1	3	0	0	2	22
Chromosome	4738981	4983768	2	2	0	0	27	17
Chromosome	4739023	4835396	1	1	0	0	3	47
Chromosome	4739145	4739204	0	0	0	0	4	44
Chromosome	4739187	4835683	2	2	0	0	2	49
Chromosome	4739248	4783909	1	1	0	0	1	12
Chromosome	4739452	4835946	2	2	0	0	2	49
Chromosome	4739710	4836139	1	1	0	0	2	26
Chromosome	4739876	4836372	1	1	0	0	26	47
Chromosome	4739876	4980553	1	1	0	0	26	47
Chromosome	4739876	5021579	1	1	0	0	26	47
Chromosome	4739928	4836304	1	1	0	0	2	35
Chromosome	4739944	4836301	1	1	0	0	2	30
Chromosome	4740506	5246195	1	1	0	0	97	13
Chromosome	4767916	4770054	2	2	0	1	0	18
Chromosome	4776127	4776353	1	1	0	1	0	38
Chromosome	4776181	4776407	1	1	0	1	5	45
Chromosome	4776183	4776407	1	1	0	1	0	25
Chromosome	4776195	4776369	1	1	0	2	0	32
Chromosome	4776201	4776319	1	1	0	1	0	30
Chromosome	4776207	4776433	1	1	0	5	2	35
Chromosome	4776228	4776454	2	2	0	5	2	43
Chromosome	4776243	4776469	2	2	0	0	3	47
Chromosome	4776273	4776499	1	1	0	0	1	36
Chromosome	4794703	4832462	1	1	0	0	8	13
Chromosome	4794703	4976735	1	1	0	0	8	13
Chromosome	4794703	5017761	1	1	0	0	8	13
Chromosome	4796542	4835790	1	5	0	0	1	12
Chromosome	4796936	4798647	1	1	0	0	1	39
Chromosome	4803669	4988581	1	1	0	3	0	12
Chromosome	4805230	4826291	2	2	0	1	0	16
Chromosome	4807869	4832641	1	1	0	0	1	14
Chromosome	4818938	4818980	2	2	0	1	0	49
Chromosome	4831776	4976049	2	2	0	0	4	47
Chromosome	4831776	5017075	2	2	0	0	4	47
Chromosome	4831964	4832719	1	1	0	0	2	42
Chromosome	4832199	4976259	2	2	0	0	3	39
Chromosome	4832199	5017285	2	2	0	0	3	39
Chromosome	4832213	4976486	1	1	0	0	3	27
Chromosome	4832213	5017512	1	1	0	0	3	27
Chromosome	4832441	4976447	1	1	0	0	3	48
Chromosome	4832441	5017473	1	1	0	0	3	48
Chromosome	4832488	4976676	2	2	0	0	15	23
Chromosome	4832488	5017702	2	2	0	0	15	23
Chromosome	4832541	4976735	1	1	0	0	4	32
Chromosome	4832541	5017761	1	1	0	0	4	32
Chromosome	4832613	4976766	1	1	0	0	10	41
Chromosome	4832613	4976783	1	1	0	0	3	34
Chromosome	4832613	5017792	1	1	0	0	10	41
Chromosome	4832613	5017809	1	1	0	0	3	34
Chromosome	4832690	4976963	2	2	0	0	3	47
Chromosome	4832690	5017989	2	2	0	0	3	47
Chromosome	4832952	4977225	2	2	0	0	3	48
Chromosome	4832952	5018251	2	2	0	0	3	48
Chromosome	4833249	4977522	2	2	0	0	3	40
Chromosome	4833249	5018548	2	2	0	0	3	40
Chromosome	4833437	4984942	1	1	0	4	1	34
Chromosome	4833937	4834041	1	1	0	0	1	28
Chromosome	4834278	4978404	2	2	0	0	14	34
Chromosome	4834278	4978433	2	2	0	0	21	14
Chromosome	4834278	5019430	2	2	0	0	14	34
Chromosome	4834278	5019459	2	2	0	0	21	14
Chromosome	4834510	5282172	2	2	0	0	110	18
Chromosome	4834682	4978863	2	2	0	0	4	50
Chromosome	4834682	5019889	2	2	0	0	4	50
Chromosome	4834781	4978962	1	1	0	0	3	46
Chromosome	4834781	5019988	1	1	0	0	3	46
Chromosome	4834874	4979055	2	2	0	0	4	48
Chromosome	4834874	5020081	2	2	0	0	4	48
Chromosome	4835477	4983768	2	2	0	0	27	17
Chromosome	4835519	4979577	1	1	0	0	3	47
Chromosome	4835519	5020603	1	1	0	0	3	47
Chromosome	4835593	4855557	1	1	0	0	1	17
Chromosome	4836372	4980553	1	1	0	0	27	47
Chromosome	4836372	5021579	1	1	0	0	27	47
Chromosome	4839986	4855557	1	1	0	1	0	18
Chromosome	4870459	4980065	1	1	0	0	126	12
Chromosome	4870459	5021091	1	1	0	0	126	12
Chromosome	4899024	4993975	2	2	0	3	7	13
Chromosome	4907829	4995369	1	1	0	0	4	15
Chromosome	4928958	4934422	2	2	0	0	1	13
Chromosome	4942911	4980156	2	2	0	0	51	15
Chromosome	4942911	5021182	2	2	0	0	51	15
Chromosome	4957284	4977059	2	2	0	0	1	12
Chromosome	4959869	4985960	1	1	0	1	0	13
Chromosome	4972648	4989214	1	1	0	1	0	41
Chromosome	4975320	4985987	1	1	0	0	1	12
Chromosome	4975863	5016887	1	1	0	0	1	47
Chromosome	4976049	5017075	2	2	0	0	4	47
Chromosome	4976170	5017028	1	1	0	0	1	12
Chromosome	4976170	5017196	1	1	0	0	1	24
Chromosome	4976185	5017211	2	2	0	0	1	35
Chromosome	4976189	4984268	2	2	0	0	2	12
Chromosome	4976209	5017133	2	2	0	0	2	29
Chromosome	4976237	4976992	1	1	0	0	2	42
Chromosome	4976260	5017189	2	2	0	0	1	21
Chromosome	4976369	5017395	2	2	0	0	1	27
Chromosome	4976385	5017270	1	1	0	0	1	31
Chromosome	4976392	5017418	2	2	0	0	1	17
Chromosome	4976472	5017285	2	2	0	0	3	39
Chromosome	4976486	5017512	1	1	0	0	3	27
Chromosome	4976515	5017433	1	1	0	0	1	19
Chromosome	4976515	5017541	1	1	0	0	2	44
Chromosome	4976523	5017254	2	2	0	0	1	25
Chromosome	4976523	5017285	2	2	0	0	1	16
Chromosome	4976595	5017463	1	1	0	0	1	17
Chromosome	4976603	5017541	1	1	0	0	1	28
Chromosome	4976714	5017473	1	1	0	0	3	48
Chromosome	4976724	5017488	2	6	0	0	1	25
Chromosome	4976736	5017627	1	1	0	0	1	37
Chromosome	4976753	5017654	1	1	0	0	1	29
Chromosome	4976761	5017702	2	2	0	0	15	23
Chromosome	4976775	5017316	1	1	0	0	1	31
Chromosome	4976792	5017702	2	2	0	0	1	18
Chromosome	4976814	5017106	1	1	0	0	1	48
Chromosome	4976814	5017761	1	1	0	0	4	32
Chromosome	4976824	5017743	1	1	0	0	1	19
Chromosome	4976886	5017792	1	1	0	0	10	41
Chromosome	4976886	5017809	1	1	0	0	3	34
Chromosome	4976956	5017839	1	1	0	0	1	18
Chromosome	4976963	5017989	2	2	0	0	3	47
Chromosome	4976995	5017743	1	1	0	0	1	39
Chromosome	4976995	5017864	1	1	0	0	1	38
Chromosome	4977004	5017745	1	1	0	0	1	41
Chromosome	4977077	5017981	1	1	0	0	1	39
Chromosome	4977147	5018026	1	1	0	0	1	48
Chromosome	4977217	5018243	1	1	0	0	1	28
Chromosome	4977225	5018251	2	2	0	0	3	48
Chromosome	4977353	5018379	1	1	0	0	1	39
Chromosome	4977488	5018514	1	1	0	0	1	20
Chromosome	4977522	5018548	2	2	0	0	4	40
Chromosome	4977564	5018337	1	1	0	0	1	34
Chromosome	4977574	5018527	2	2	0	0	1	42
Chromosome	4977589	5018474	2	2	0	0	1	27
Chromosome	4977597	5014211	2	2	0	0	1	17
Chromosome	4977597	5018448	2	2	0	0	1	45
Chromosome	4977597	5018478	2	2	0	0	1	34
Chromosome	4977721	5018682	1	3	0	0	1	12
Chromosome	4977764	5018655	1	1	0	0	1	37
Chromosome	4977764	5180101	1	1	0	0	10	14
Chromosome	4977778	5018804	1	1	0	0	3	43
Chromosome	4977802	5018828	2	2	0	0	1	42
Chromosome	4977834	5018651	2	2	0	0	1	16
Chromosome	4978106	5019132	2	2	0	1	0	35
Chromosome	4978150	4993336	2	2	0	0	1	12
Chromosome	4978234	5019107	1	1	0	0	1	18
Chromosome	4978236	5019152	1	1	0	0	1	20
Chromosome	4978238	5019152	1	1	0	0	2	22
Chromosome	4978238	5019180	1	1	0	0	1	33
Chromosome	4978252	5019227	1	1	0	0	1	21
Chromosome	4978345	5019227	1	1	0	0	1	19
Chromosome	4978399	5019270	1	1	0	0	1	43
Chromosome	4978423	5019287	1	3	0	0	2	34
Chromosome	4978459	5019430	2	2	0	0	14	34
Chromosome	4978459	5019459	2	2	0	0	21	14
Chromosome	4978516	5019436	2	2	0	0	1	31
Chromosome	4978538	5019564	2	2	0	0	1	27
Chromosome	4978602	5019425	1	1	0	0	1	27
Chromosome	4978607	5019468	1	1	0	0	1	34
Chromosome	4978652	5019399	1	1	0	0	1	19
Chromosome	4978659	5019581	1	1	0	0	1	34
Chromosome	4978659	5019605	1	1	0	0	1	44
Chromosome	4978664	5019560	1	1	0	0	1	25
Chromosome	4978691	5282172	2	2	0	0	110	18
Chromosome	4978760	5019594	1	1	0	0	1	36
Chromosome	4978774	5019655	2	2	0	0	1	49
Chromosome	4978826	5019807	1	3	0	0	1	21
Chromosome	4978834	5019734	1	1	0	0	1	28
Chromosome	4978863	5019889	2	2	0	0	4	50
Chromosome	4978913	5019841	1	1	0	0	1	27
Chromosome	4978962	5019988	1	1	0	0	3	46
Chromosome	4978973	5019953	1	1	0	0	1	31
Chromosome	4979055	5020081	2	2	0	0	4	48
Chromosome	4979091	5019925	2	2	0	0	1	14
Chromosome	4979091	5019968	2	2	0	0	1	16
Chromosome	4979091	5020007	2	2	0	0	2	16
Chromosome	4979109	5020094	2	4	0	0	1	19
Chromosome	4979152	5020045	1	1	0	0	1	41
Chromosome	4979158	5020007	2	2	0	0	1	41
Chromosome	4979261	5020143	1	1	0	0	1	16
Chromosome	4979261	5020166	1	1	0	0	1	12
Chromosome	4979261	5020182	1	1	0	0	1	16
Chromosome	4979261	5020203	1	1	0	0	1	16
Chromosome	4979265	5020026	2	2	0	0	1	17
Chromosome	4979265	5020129	2	2	0	0	1	16
Chromosome	4979265	5020149	2	2	0	0	1	16
Chromosome	4979267	5020171	1	1	0	0	1	22
Chromosome	4979267	5020182	1	1	0	0	1	22
Chromosome	4979267	5020191	1	1	0	0	1	22
Chromosome	4979267	5020221	1	1	0	0	1	22
Chromosome	4979409	5020279	1	1	0	0	1	30
Chromosome	4979415	5020264	1	1	0	0	1	36
Chromosome	4979433	5020313	1	1	0	0	1	22
Chromosome	4979433	5020364	1	1	0	0	1	49
Chromosome	4979461	5020411	1	3	0	0	1	29
Chromosome	4979570	5020543	1	1	0	0	1	27
Chromosome	4979593	5020486	1	3	0	0	2	22
Chromosome	4979606	5020632	2	2	0	0	1	33
Chromosome	4979611	5020603	1	1	0	0	1	15
Chromosome	4979632	5020505	1	1	0	0	1	18
Chromosome	4979658	4983768	2	2	0	0	27	17
Chromosome	4979669	5020595	1	1	0	0	1	45
Chromosome	4979700	5020603	1	1	0	0	3	47
Chromosome	4979761	5020787	1	1	0	0	1	49
Chromosome	4979864	5020890	2	2	0	0	2	49
Chromosome	4979880	4981405	1	1	0	0	2	12
Chromosome	4979904	5020930	1	1	0	0	1	21
Chromosome	4980023	5020937	2	2	0	0	1	16
Chromosome	4980054	5020997	2	2	0	0	1	32
Chromosome	4980054	5021048	2	2	0	0	1	24
Chromosome	4980086	5021112	1	1	0	0	1	36
Chromosome	4980129	5021048	2	2	0	0	1	31
Chromosome	4980129	5021153	2	2	0	0	2	49
Chromosome	4980185	5021096	1	1	0	0	1	12
Chromosome	4980189	5021103	1	1	0	0	1	25
Chromosome	4980192	5021218	1	1	0	0	1	46
Chromosome	4980206	5021078	1	1	0	0	1	18
Chromosome	4980208	5021072	2	2	0	0	1	29
Chromosome	4980269	5021255	1	1	0	0	1	29
Chromosome	4980297	5021323	2	2	0	0	1	36
Chromosome	4980339	5021258	1	1	0	0	1	26
Chromosome	4980387	5021346	1	1	0	0	2	26
Chromosome	4980520	5021430	1	1	0	0	1	30
Chromosome	4980553	5021579	1	1	0	0	27	47
Chromosome	4980558	5021511	1	1	0	0	1	32
Chromosome	4980586	5021612	2	2	0	0	1	33
Chromosome	4980596	5021403	2	2	0	0	1	19
Chromosome	4980599	5021428	2	2	0	0	1	29
Chromosome	4980602	5021428	2	2	0	0	1	24
Chromosome	4980605	5021511	1	1	0	0	2	35
Chromosome	4980605	5021519	1	1	0	0	1	29
Chromosome	4980621	5021430	1	1	0	0	1	30
Chromosome	4980621	5021508	1	1	0	0	2	30
Chromosome	4980621	5021519	1	1	0	0	1	25
Chromosome	4980644	5021554	1	1	0	0	1	35
Chromosome	4980717	5021743	2	2	0	0	1	37
Chromosome	4980732	5021758	1	1	0	0	1	49
Chromosome	4980739	5021634	2	2	0	0	1	16
Chromosome	4980781	5021637	1	1	0	0	1	42
Chromosome	4980781	5021639	1	1	0	0	1	41
Chromosome	4981477	4994454	1	1	0	6	3	12
Chromosome	4984617	4985843	1	1	0	1	0	16
Chromosome	4985263	5020143	1	1	0	1	0	18
Chromosome	4985263	5020166	1	1	0	1	0	18
Chromosome	4985590	4987173	2	2	0	0	9	12
Chromosome	4985655	4994684	2	2	0	0	1	12
Chromosome	4985854	4985960	1	1	0	0	1	16
Chromosome	4985916	5012316	1	1	0	0	1	14
Chromosome	4986541	4989293	2	4	0	0	1	13
Chromosome	4986869	4987878	2	2	0	0	1	18
Chromosome	4986936	4994059	1	1	0	1	0	13
Chromosome	4987302	4994254	1	1	0	0	1	12
Chromosome	4988005	4991793	1	1	0	0	1	20
Chromosome	4988401	4993591	2	2	0	0	1	16
Chromosome	4988701	5020964	1	3	0	1	0	14
Chromosome	4988707	4989714	2	4	0	1	0	30
Chromosome	4989767	4989802	2	2	0	1	1	34
Chromosome	4989982	4990011	1	3	0	1	1	21
Chromosome	4990177	5030986	1	1	0	1	0	13
Chromosome	4994046	5017536	1	1	0	0	1	12
Chromosome	4995445	5392820	1	1	0	45	44	13
Chromosome	5003990	5217156	1	3	0	1	3	12
Chromosome	5013292	5017905	2	2	0	1	0	15
Chromosome	5017263	5018018	1	1	0	0	2	42
Chromosome	5017498	5018009	2	4	0	0	1	38
Chromosome	5018623	5050452	2	2	0	0	1	23
Chromosome	5018790	5180101	1	1	0	0	10	14
Chromosome	5019717	5282172	2	2	0	0	110	18
Chromosome	5241850	5280141	1	1	0	0	2	12
Chromosome	5246264	5246376	1	1	0	5	0	49
Chromosome	5246299	5246410	1	1	0	1	0	18
Chromosome	5246347	5246419	1	3	0	8	0	22
Chromosome	5253667	5267473	1	1	0	0	1	12
Chromosome	5260876	5280014	1	1	0	1	0	26
Chromosome	5279473	5415787	1	1	0	0	10	12
Chromosome	5279566	5460299	1	1	0	0	3	13
Chromosome	5280127	5280344	2	2	0	1	0	49
Chromosome	5339957	5340052	2	4	0	0	3	42
Chromosome	5340009	5340104	1	1	0	1	0	29
Chromosome	5459400	5459430	1	1	0	1	0	36
